class Config():
    def __init__(self):
        self.flow_list = [2, 4, 6, 8, 10]
        self.state_dim = 8
        self.hidden_dim = 40
        self.num_layers = 2
        self.batch_size = 64
        self.num_epochs = 1100
        self.learning_rate = 0.0001
        self.seed = 1
        self.device = torch.device("cuda" if torch.cuda.is_available() else "cpu")
        self.model_path = './Model/'
weight: 0.4 0.6
output: self.deal_decoder_hidden = nn.Sequential(
            nn.Linear(output_dim, output_dim*3),
            nn.ReLU(),
            nn.Linear(output_dim*3, output_dim)
        ) 


Epoch [1087/1100], Loss: 0.8936
Epoch [1088/1100], Loss: 0.8960
Epoch [1089/1100], Loss: 0.8883
Epoch [1090/1100], Loss: 0.8962
Epoch [1091/1100], Loss: 0.8903
Epoch [1092/1100], Loss: 0.8921
Epoch [1093/1100], Loss: 0.8912
Epoch [1094/1100], Loss: 0.8905
Epoch [1095/1100], Loss: 0.8872
Epoch [1096/1100], Loss: 0.8914
Epoch [1097/1100], Loss: 0.8878
Epoch [1098/1100], Loss: 0.8878
Epoch [1099/1100], Loss: 0.8889
Epoch [1100/1100], Loss: 0.8860
tensor([[ 0.,  0.,  0.,  1.,  0.,  0.,  0., 16.]], device='cuda:0')
tensor([ 0.1641,  0.0685,  0.2878,  1.0802,  0.6052,  0.2173,  0.2419, 16.1658],
       device='cuda:0', grad_fn=<SelectBackward0>)
tensor([[0., 0., 1., 1., 0., 0., 1., 1.]], device='cuda:0')
tensor([ 0.0374, -0.0782,  0.3714,  0.5389, -0.0940,  0.0391,  1.0798,  1.2098],
       device='cuda:0', grad_fn=<SelectBackward0>)
tensor([[ 0.,  0.,  0.,  0.,  1.,  1.,  1.,  0.],
        [ 0.,  0.,  0.,  0., 13.,  8.,  7.,  9.]], device='cuda:0')
tensor([-0.0644,  0.0166, -0.1715,  0.1504,  0.9723,  0.7521,  0.4010,  0.5402,
         0.5646,  0.3638,  0.7324,  0.1849, 13.1330,  8.0527,  6.7971,  9.6770],
       device='cuda:0', grad_fn=<SelectBackward0>)
tensor([[ 0., 10.,  0.,  0.,  0.,  0.,  0.,  0.],
        [ 0.,  1.,  0.,  0.,  9.,  7.,  1.,  5.]], device='cuda:0')
tensor([-0.0173,  9.8697,  0.0324, -0.0995,  0.1225,  0.3264,  0.1969,  0.3511,
         0.4042,  0.3698,  0.3473,  0.6921,  9.1240,  7.0778,  0.8846,  5.3575],
       device='cuda:0', grad_fn=<SelectBackward0>)
tensor([[ 0.0000,  2.5000, 10.0000, 10.0000, 10.0000,  5.0000,  1.0000,  0.0000],
        [ 1.0000,  1.0000,  1.0000,  0.0000,  0.0000,  1.0000,  1.0000,  1.0000],
        [ 1.0000,  1.0000, 25.0000, 16.0000, 26.0000, 13.0000, 26.0000, 20.0000]],
       device='cuda:0')
tensor([-0.1512,  2.1984,  9.6852,  9.7329, 10.0537,  5.1003,  0.7942,  0.0310,
         0.5324,  0.3353,  0.2799,  0.4138,  0.5666, -0.1297,  0.4254,  0.1284,
         0.7297,  0.5029, 25.0197, 15.5351, 27.3744, 13.0601, 26.0854, 19.3085],
       device='cuda:0', grad_fn=<SelectBackward0>)
tensor([[ 0.0000,  0.0000, 10.0000,  2.5000,  0.0000,  5.0000,  1.0000,  0.0000],
        [ 1.0000,  0.0000,  0.0000,  0.0000,  0.0000,  0.0000,  1.0000,  1.0000],
        [ 0.0000,  1.0000, 21.0000,  6.0000, 21.0000,  9.0000, 12.0000,  4.0000]],
       device='cuda:0')
tensor([ 6.0956e-01,  6.9946e-03,  9.7167e+00,  2.3696e+00, -1.3125e-01,
         6.0468e+00,  7.2647e-01,  3.3841e-01,  5.1082e-01,  1.9333e-01,
         1.5491e-01,  3.8611e-01,  4.8107e-01, -2.4608e-01,  4.2524e-01,
         1.2446e-01,  1.0346e+00,  4.5915e-01,  2.1070e+01,  6.2539e+00,
         2.0491e+01,  8.5378e+00,  1.2611e+01,  3.5775e+00], device='cuda:0',
       grad_fn=<SelectBackward0>)
tensor([[ 0.,  0.,  0.,  0., 10.,  0.,  0.,  0.],
        [ 1.,  0.,  0.,  1.,  1.,  1.,  0.,  0.],
        [ 0.,  0.,  0.,  0.,  1.,  0.,  0.,  0.],
        [ 7.,  7.,  6., 18.,  8.,  8., 10., 10.]], device='cuda:0')
tensor([-0.2790, -0.0867,  0.0429, -0.3051,  9.9282,  1.2507,  0.5055,  0.9812,
         0.5847,  0.3969,  0.4572,  0.3876,  0.7742, -0.0445,  0.4676,  0.4429,
         0.3227,  0.4934,  0.2629,  0.5372,  0.2638,  0.4814,  0.4792,  0.3702,
         7.2270,  7.9417,  6.5572, 17.3710,  9.7458,  7.8693,  9.2119,  7.4094],
       device='cuda:0', grad_fn=<SelectBackward0>)
tensor([[ 0.0000,  0.0000,  0.0000, 10.0000, 10.0000,  2.5000,  0.0000,  0.0000],
        [ 1.0000,  0.0000,  0.0000,  1.0000,  1.0000,  0.0000,  0.0000,  1.0000],
        [ 0.0000,  0.0000,  0.0000,  1.0000,  1.0000,  1.0000,  0.0000,  0.0000],
        [ 8.0000,  5.0000,  6.0000, 14.0000, 14.0000,  6.0000,  9.0000,  6.0000]],
       device='cuda:0')
tensor([-0.4995,  0.1897, -0.3801, 10.2302, 10.2688,  2.1040,  0.5371,  1.5500,
         0.5180,  0.4601,  0.5383,  0.3673,  0.6853,  0.3624,  0.5329,  0.5217,
         0.3253,  0.6063,  0.4126,  0.4476,  0.3962,  0.4915,  0.4695,  0.4800,
         6.9548,  5.5702,  6.3979, 13.6072, 14.4743,  6.5864,  8.7843,  5.3647],
       device='cuda:0', grad_fn=<SelectBackward0>)
tensor([[  1.2500,   0.0000,   0.0000,  10.0000,   0.0000,   0.0000,   5.0000,
           0.0000],
        [ 10.0000,   0.0000,   0.0000,   1.0000,   1.0000,   0.0000,   1.0000,
           1.0000],
        [  0.0000,   0.0000,   1.0000,   0.0000,   1.0000,   0.0000,   0.0000,
           1.0000],
        [  0.0000,   0.0000,   1.0000,   0.0000,   1.0000,   0.0000,  15.0000,
          22.0000],
        [ 48.0000,  23.0000,  29.0000,  29.0000,  19.0000,  10.0000, 107.0000,
          11.0000]], device='cuda:0')
tensor([-0.5856,  1.3501,  1.0939,  9.0130,  0.2868,  0.7331,  5.8903,  0.9016,
         7.1558, -0.1263,  0.7195, -0.4853,  0.1872,  1.3722,  0.3226,  0.4780,
         0.6412,  0.2550,  0.3036,  0.4248,  0.7300, -0.3098,  0.4360,  0.1867,
         0.6721,  0.7521, -0.5564,  2.2531, -0.2242, -0.3996, 13.5515, 23.4091,
        48.1412, 24.4936, 37.1036, 27.6356, 13.3747, 30.8694, 98.9658, 16.8664],
       device='cuda:0', grad_fn=<SelectBackward0>)
tensor([[10.,  0.,  0.,  5.,  0.,  0., 10., 10.],
        [10., 10.,  1.,  0.,  0.,  0.,  1.,  0.],
        [ 1.,  1.,  0.,  1.,  1.,  0.,  0.,  1.],
        [ 0.,  0.,  1.,  1.,  1.,  1., 10.,  9.],
        [19., 22., 26., 14., 22., 22., 12., 15.]], device='cuda:0')
tensor([ 8.6439e+00,  8.0123e-01,  2.8351e+00,  2.6014e+00,  1.1199e+00,
         2.5677e+00,  9.6669e+00,  1.1184e+01,  9.4568e+00,  1.0328e+01,
         6.6400e-01,  3.3901e-01,  3.2129e-02,  7.1699e-01, -1.2442e-02,
         1.4015e+00,  5.5442e-01,  2.7784e-01,  3.8651e-01,  3.5694e-01,
         6.0731e-01,  1.7903e-01,  5.2739e-01,  2.9698e-01,  7.0266e-01,
         8.0030e-01,  4.7685e-01,  7.2835e-01,  5.1010e-01,  5.1891e-01,
         1.1032e+01,  9.3737e+00,  1.8924e+01,  2.3713e+01,  2.5531e+01,
         1.6021e+01,  2.1548e+01,  2.2926e+01,  1.2590e+01,  1.4858e+01],
       device='cuda:0', grad_fn=<SelectBackward0>)