class Config():
    def __init__(self):
        self.flow_list = [2, 4, 6, 8, 10]
        self.state_dim = 8
        self.hidden_dim = 40
        self.num_layers = 2
        self.batch_size = 64
        self.num_epochs = 800
        self.learning_rate = 0.0001
        self.seed = 1
        self.device = torch.device("cuda" if torch.cuda.is_available() else "cpu")
        self.model_path = './Model/'
weight: 0.5 0.5
output: self.deal_decoder_hidden = nn.Sequential(
            nn.Linear(output_dim, output_dim*3),
            nn.ReLU(),
            nn.Linear(output_dim*3, output_dim)
        ) 


Epoch [771/800], Loss: 0.9773
Epoch [772/800], Loss: 0.9756
Epoch [773/800], Loss: 0.9779
Epoch [774/800], Loss: 0.9698
Epoch [775/800], Loss: 0.9763
Epoch [776/800], Loss: 0.9675
Epoch [777/800], Loss: 0.9742
Epoch [778/800], Loss: 0.9688
Epoch [779/800], Loss: 0.9653
Epoch [780/800], Loss: 0.9669
Epoch [781/800], Loss: 0.9708
Epoch [782/800], Loss: 0.9661
Epoch [783/800], Loss: 0.9610
Epoch [784/800], Loss: 0.9632
Epoch [785/800], Loss: 0.9637
Epoch [786/800], Loss: 0.9593
Epoch [787/800], Loss: 0.9590
Epoch [788/800], Loss: 0.9579
Epoch [789/800], Loss: 0.9580
Epoch [790/800], Loss: 0.9561
Epoch [791/800], Loss: 0.9553
Epoch [792/800], Loss: 0.9552
Epoch [793/800], Loss: 0.9521
Epoch [794/800], Loss: 0.9518
Epoch [795/800], Loss: 0.9501
Epoch [796/800], Loss: 0.9487
Epoch [797/800], Loss: 0.9495
Epoch [798/800], Loss: 0.9483
Epoch [799/800], Loss: 0.9441
Epoch [800/800], Loss: 0.9435
tensor([[10., 10.,  1.,  0.,  1.,  1.,  4.,  7.]], device='cuda:0')
tensor([ 9.8553, 10.2217,  1.2222,  0.2864,  0.9388,  0.9758,  3.3895,  6.7378],
       device='cuda:0', grad_fn=<SelectBackward0>)
tensor([[0., 0., 0., 1., 0., 0., 0., 0.]], device='cuda:0')
tensor([ 0.0284,  0.0209,  0.3111,  0.3333,  0.2765, -0.0988, -0.1850, -0.1300],
       device='cuda:0', grad_fn=<SelectBackward0>)
tensor([[ 0.0000,  0.0000,  0.0000,  0.6250,  1.0000,  1.0000,  1.0000,  0.0000],
        [ 0.0000,  0.0000,  0.0000,  1.0000,  2.0000, 10.0000, 11.0000,  1.0000]],
       device='cuda:0')
tensor([ 0.0652,  0.1204, -0.1383,  0.6712,  0.4669,  1.1856,  0.3667,  0.0909,
         0.4258,  0.4076, -0.1213,  0.4581,  2.2364, 10.0098, 10.5941,  0.7812],
       device='cuda:0', grad_fn=<SelectBackward0>)
tensor([[ 5.0000,  0.0000,  0.0000,  2.5000,  0.0000,  1.0000,  1.0000,  0.0000],
        [ 1.0000,  0.0000,  0.0000,  1.0000,  9.0000,  5.0000, 13.0000,  4.0000]],
       device='cuda:0')
tensor([ 5.0772,  0.0424, -0.2051,  2.6276,  0.2607,  1.1506,  0.2696,  0.4494,
         0.2855,  0.4355,  0.1632,  0.5053,  8.3673,  5.0637, 12.7210,  3.2399],
       device='cuda:0', grad_fn=<SelectBackward0>)
tensor([[10.0000, 10.0000,  0.0000, 10.0000,  0.0000,  0.6250,  1.0000,  1.0000],
        [ 1.0000,  1.0000,  0.0000,  0.0000,  1.0000,  1.0000,  0.0000,  1.0000],
        [ 0.0000,  1.0000, 44.0000, 44.0000, 41.0000, 44.0000, 30.0000, 17.0000]],
       device='cuda:0')
tensor([ 9.8441, 10.2748,  0.3558, 10.0836,  0.8081, -0.6690,  0.2095,  0.6101,
         0.5991,  0.7792,  0.8746,  0.2113,  0.2432,  0.4191,  0.5745,  0.6690,
         0.0590,  1.2754, 43.0243, 43.6227, 39.7594, 43.7201, 30.4002, 17.1131],
       device='cuda:0', grad_fn=<SelectBackward0>)
tensor([[ 2.5000,  0.0000,  2.5000, 10.0000, 10.0000, 10.0000,  0.0000,  0.0000],
        [ 0.0000,  1.0000,  0.0000,  1.0000,  1.0000,  0.0000,  1.0000,  1.0000],
        [ 1.0000,  1.0000, 14.0000, 10.0000,  7.0000, 17.0000, 17.0000, 16.0000]],
       device='cuda:0')
tensor([ 1.3903,  0.2463,  2.4162, 10.1599, 10.2041,  9.1770,  0.3105, -0.3797,
         0.5128,  0.4067,  0.8640,  0.3295,  0.4339,  0.3793,  0.4744,  0.4954,
         0.7250,  0.3455, 13.7061,  9.6253,  6.8049, 16.5747, 16.1013, 15.8198],
       device='cuda:0', grad_fn=<SelectBackward0>)
tensor([[ 2.5000, 10.0000,  0.0000,  0.0000,  0.0000,  1.2500, 10.0000,  0.0000],
        [ 0.0000,  1.0000,  1.0000,  1.0000,  0.0000,  0.0000,  1.0000,  1.0000],
        [ 1.0000,  1.0000,  0.0000,  0.0000,  0.0000,  1.0000,  1.0000,  0.0000],
        [12.0000, 29.0000, 29.0000, 30.0000, 21.0000, 20.0000, 29.0000, 23.0000]],
       device='cuda:0')
tensor([ 2.7637, 10.3567,  0.6685,  0.3947, -0.2340,  1.8917,  9.7481,  0.4512,
         0.4057,  0.4501,  0.2954,  0.5329,  0.4872,  0.2341,  0.5132,  0.3727,
         0.5296,  0.5334,  0.7615,  0.3695,  0.5110,  0.3820,  0.4906,  0.5122,
        14.7841, 29.2360, 28.6755, 28.7604, 20.6605, 17.6998, 30.6186, 22.8244],
       device='cuda:0', grad_fn=<SelectBackward0>)
tensor([[ 5.,  5.,  0.,  0.,  0., 10.,  5., 10.],
        [ 0.,  0.,  1.,  1.,  1.,  0.,  0.,  1.],
        [ 1.,  1.,  0.,  0.,  0.,  1.,  1.,  1.],
        [11.,  6., 11.,  9.,  5., 12.,  9.,  8.]], device='cuda:0')
tensor([ 3.8994,  5.1016, -1.3485,  1.0219,  0.3326, 10.9636,  2.0617,  9.9846,
         0.4708,  0.3428,  0.6116,  0.3214,  0.1711,  0.5948,  0.5444,  0.5377,
         0.5198,  0.5552,  0.3676,  0.4516,  0.4742,  0.7914,  0.5493,  0.5727,
        11.8786,  6.8488,  8.1996,  9.6990,  5.7255, 14.1819,  7.2889,  5.9931],
       device='cuda:0', grad_fn=<SelectBackward0>)
tensor([[10.0000,  0.0000, 10.0000, 10.0000,  0.0000, 10.0000, 10.0000,  2.5000],
        [ 5.0000,  0.0000,  1.0000,  1.0000,  1.0000,  1.0000,  1.0000,  0.0000],
        [ 1.0000,  0.0000,  0.0000,  0.0000,  1.0000,  0.0000,  1.0000,  1.0000],
        [ 0.0000,  1.0000,  1.0000,  1.0000,  1.0000,  0.0000,  9.0000, 33.0000],
        [65.0000, 19.0000, 50.0000, 24.0000, 42.0000,  5.0000, 15.0000, 12.0000]],
       device='cuda:0')
tensor([ 1.0937e+01, -1.2543e+00,  1.0775e+01,  9.8881e+00,  7.3284e-01,
         1.0657e+01,  1.0195e+01,  2.5249e+00,  3.6814e+00,  5.8353e-01,
         6.5235e-01,  4.7533e-01,  6.4941e-01, -4.5824e-01,  4.9018e-01,
         4.8470e-01,  5.0502e-01,  3.4663e-01,  5.3393e-01,  4.4698e-01,
         4.3158e-01,  6.5926e-01,  5.4617e-01,  5.6433e-01,  2.3927e-01,
         3.9113e-01, -3.6713e-02,  1.1761e+00,  1.1153e+00,  3.0027e-01,
         8.6998e+00,  3.2524e+01,  6.5001e+01,  1.6165e+01,  5.0373e+01,
         1.9610e+01,  3.8709e+01,  1.3013e+01,  1.2036e+01,  1.7235e+01],
       device='cuda:0', grad_fn=<SelectBackward0>)
tensor([[10.0000,  5.0000,  0.0000,  0.0000, 10.0000,  0.0000,  0.0000, 10.0000],
        [10.0000,  2.5000,  1.0000,  0.0000,  0.0000,  1.0000,  1.0000,  1.0000],
        [ 1.0000,  0.0000,  1.0000,  0.0000,  1.0000,  1.0000,  0.0000,  0.0000],
        [ 1.0000,  0.0000,  0.0000,  1.0000,  1.0000,  1.0000, 70.0000, 44.0000],
        [17.0000, 38.0000, 58.0000, 15.0000, 45.0000, 17.0000, 90.0000, 11.0000]],
       device='cuda:0')
tensor([ 9.8631e+00,  4.6577e+00,  2.5962e-02,  1.2050e+00,  7.5438e+00,
         6.6481e-01,  6.6110e-01,  1.1759e+01,  9.7657e+00, -1.4710e-01,
         2.4541e+00, -1.1794e-01,  3.8962e-01,  3.1632e-01,  4.8704e-01,
         1.3401e+00,  4.7043e-01,  5.3205e-01, -1.5387e-01,  6.8609e-01,
         6.3172e-01,  9.0618e-01,  6.0339e-01,  5.4841e-01,  4.1836e-01,
         5.8388e-01,  1.4795e+00,  5.6148e-04,  2.5307e-01,  3.1194e-01,
         7.1571e+01,  4.1004e+01,  1.5560e+01,  3.5282e+01,  5.9017e+01,
         1.4403e+01,  4.0758e+01,  2.2794e+01,  8.7332e+01,  1.2472e+01],
       device='cuda:0', grad_fn=<SelectBackward0>)