    def __init__(self):
        self.flow_list = [2, 4, 6, 8, 10]
        self.state_dim = 8
        self.hidden_dim = 40
        self.num_layers = 2
        self.batch_size = 32
        self.num_epochs = 1100
        self.learning_rate = 0.0001
        self.seed = 1
        self.device = torch.device("cuda" if torch.cuda.is_available() else "cpu")
        self.model_path = './Model/'


    weight: 0.3 0.7
    output: self.deal_decoder_hidden = nn.Sequential(
                nn.Linear(output_dim, output_dim*3),
                nn.ReLU(),
                nn.Linear(output_dim*3, output_dim)
            ) 

Epoch [1070/1100], Loss: 0.6991
Epoch [1071/1100], Loss: 0.6991
Epoch [1072/1100], Loss: 0.7007
Epoch [1073/1100], Loss: 0.6979
Epoch [1074/1100], Loss: 0.6986
Epoch [1075/1100], Loss: 0.6983
Epoch [1076/1100], Loss: 0.6994
Epoch [1077/1100], Loss: 0.6967
Epoch [1078/1100], Loss: 0.6978
Epoch [1079/1100], Loss: 0.6963
Epoch [1080/1100], Loss: 0.6976
Epoch [1081/1100], Loss: 0.6948
Epoch [1082/1100], Loss: 0.6959
Epoch [1083/1100], Loss: 0.6960
Epoch [1084/1100], Loss: 0.6952
Epoch [1085/1100], Loss: 0.6973
Epoch [1086/1100], Loss: 0.6941
Epoch [1087/1100], Loss: 0.6944
Epoch [1088/1100], Loss: 0.6951
Epoch [1089/1100], Loss: 0.6932
Epoch [1090/1100], Loss: 0.6946
Epoch [1091/1100], Loss: 0.6942
Epoch [1092/1100], Loss: 0.6925
Epoch [1093/1100], Loss: 0.6926
Epoch [1094/1100], Loss: 0.6921
Epoch [1095/1100], Loss: 0.6914
Epoch [1096/1100], Loss: 0.6928
Epoch [1097/1100], Loss: 0.6913
Epoch [1098/1100], Loss: 0.6910
Epoch [1099/1100], Loss: 0.6906
Epoch [1100/1100], Loss: 0.6907
tensor([[ 0.,  0.,  0.,  1.,  0.,  0.,  0., 16.]], device='cuda:0')
tensor([ 0.1684, -0.1260,  0.7211,  0.7210,  0.0553, -0.3279,  0.0844, 15.5863],
       device='cuda:0', grad_fn=<SelectBackward0>)
tensor([[0., 0., 1., 1., 0., 0., 1., 1.]], device='cuda:0')
tensor([ 0.1278, -0.0106,  0.1664,  0.4918, -0.1353, -0.0467,  1.0553,  0.7591],
       device='cuda:0', grad_fn=<SelectBackward0>)
tensor([[ 0.,  0.,  0.,  0.,  1.,  1.,  1.,  0.],
        [ 0.,  0.,  0.,  0., 13.,  8.,  7.,  9.]], device='cuda:0')
tensor([-1.6773e-02,  1.1472e-01, -1.2313e-02, -9.6741e-02,  1.0341e+00,
         8.5579e-01,  2.8304e-01,  3.8641e-01,  5.0763e-01,  4.5228e-01,
         7.5570e-01,  1.2464e-01,  1.3206e+01,  7.7088e+00,  6.7809e+00,
         9.0760e+00], device='cuda:0', grad_fn=<SelectBackward0>)
tensor([[ 0., 10.,  0.,  0.,  0.,  0.,  0.,  0.],
        [ 0.,  1.,  0.,  0.,  9.,  7.,  1.,  5.]], device='cuda:0')
tensor([ 2.8210e-03,  9.9132e+00, -4.0863e-02,  3.0143e-01,  3.6842e-04,
        -8.9370e-02,  4.8419e-01,  2.0624e-01,  6.3036e-01,  6.1427e-01,
         6.6597e-01,  1.0016e-01,  9.0967e+00,  6.8145e+00,  6.1101e-01,
         4.7378e+00], device='cuda:0', grad_fn=<SelectBackward0>)
tensor([[ 0.0000,  2.5000, 10.0000, 10.0000, 10.0000,  5.0000,  1.0000,  0.0000],
        [ 1.0000,  1.0000,  1.0000,  0.0000,  0.0000,  1.0000,  1.0000,  1.0000],
        [ 1.0000,  1.0000, 25.0000, 16.0000, 26.0000, 13.0000, 26.0000, 20.0000]],
       device='cuda:0')
tensor([ 0.0959,  2.2754, 10.0468, 10.4599, 10.1061,  5.1522,  0.8266,  0.5011,
         0.3176,  0.4237,  0.4403,  0.5268,  0.4252,  0.4058,  0.6317,  0.6951,
         0.5586,  0.6475, 25.2573, 16.3679, 25.9084, 12.5579, 25.9558, 19.8260],
       device='cuda:0', grad_fn=<SelectBackward0>)
tensor([[ 0.0000,  0.0000, 10.0000,  2.5000,  0.0000,  5.0000,  1.0000,  0.0000],
        [ 1.0000,  0.0000,  0.0000,  0.0000,  0.0000,  0.0000,  1.0000,  1.0000],
        [ 0.0000,  1.0000, 21.0000,  6.0000, 21.0000,  9.0000, 12.0000,  4.0000]],
       device='cuda:0')
tensor([ 0.0881,  0.0481, 10.0168,  2.6292, -0.1842,  5.1863,  0.2154,  0.7537,
         0.4476,  0.4965,  0.4391,  0.5714,  0.4809,  0.5665,  0.4535,  0.5252,
         0.3187,  0.6487, 20.6261,  6.3475, 19.9443,  8.5656, 11.6140,  3.7779],
       device='cuda:0', grad_fn=<SelectBackward0>)
tensor([[ 0.,  0.,  0.,  0., 10.,  0.,  0.,  0.],
        [ 1.,  0.,  0.,  1.,  1.,  1.,  0.,  0.],
        [ 0.,  0.,  0.,  0.,  1.,  0.,  0.,  0.],
        [ 7.,  7.,  6., 18.,  8.,  8., 10., 10.]], device='cuda:0')
tensor([-0.3362, -0.1747,  1.0849,  0.1639,  9.6927,  0.1255,  1.2596,  0.7589,
         0.5862,  0.3752,  0.3934,  0.4484,  0.4592,  0.4302,  0.5935,  0.3641,
         0.4401,  0.4880,  0.3447,  0.4731,  0.4944,  0.3856,  0.5614,  0.5192,
         5.3411,  6.6102,  5.7424, 17.0027,  9.5897,  9.7958,  6.8008,  9.8469],
       device='cuda:0', grad_fn=<SelectBackward0>)
tensor([[ 0.0000,  0.0000,  0.0000, 10.0000, 10.0000,  2.5000,  0.0000,  0.0000],
        [ 1.0000,  0.0000,  0.0000,  1.0000,  1.0000,  0.0000,  0.0000,  1.0000],
        [ 0.0000,  0.0000,  0.0000,  1.0000,  1.0000,  1.0000,  0.0000,  0.0000],
        [ 8.0000,  5.0000,  6.0000, 14.0000, 14.0000,  6.0000,  9.0000,  6.0000]],
       device='cuda:0')
tensor([-0.0313, -0.0576, -0.0190,  9.5982, 10.2238,  2.4871,  2.2195,  0.3487,
         0.5796,  0.3535,  0.4552,  0.3697,  0.5067,  0.3787,  0.6594,  0.4179,
         0.4792,  0.5234,  0.3790,  0.4477,  0.5741,  0.4625,  0.5274,  0.5156,
         7.1018,  4.1961,  7.0800, 11.9033, 16.1066,  7.6674,  8.3142,  6.0962],
       device='cuda:0', grad_fn=<SelectBackward0>)
tensor([[  1.2500,   0.0000,   0.0000,  10.0000,   0.0000,   0.0000,   5.0000,
           0.0000],
        [ 10.0000,   0.0000,   0.0000,   1.0000,   1.0000,   0.0000,   1.0000,
           1.0000],
        [  0.0000,   0.0000,   1.0000,   0.0000,   1.0000,   0.0000,   0.0000,
           1.0000],
        [  0.0000,   0.0000,   1.0000,   0.0000,   1.0000,   0.0000,  15.0000,
          22.0000],
        [ 48.0000,  23.0000,  29.0000,  29.0000,  19.0000,  10.0000, 107.0000,
          11.0000]], device='cuda:0')
tensor([ 5.5796e-01, -3.2537e-01, -7.8197e-01,  8.5759e+00, -1.6576e+00,
         1.2570e+00,  1.5873e+00,  9.1654e-01,  2.9134e+00,  3.7980e+00,
         2.6833e-01,  6.0353e-01,  4.5216e-02,  4.4844e-02,  5.0415e-01,
         4.0825e-01,  4.5738e-01,  4.6724e-01,  2.9549e-01,  6.4889e-01,
         3.7167e-01,  5.4960e-01,  4.6370e-01,  4.4163e-01, -3.8764e-01,
         4.3435e-01,  1.4867e+00,  1.8544e-01,  4.6026e-01, -7.0159e-01,
         1.7047e+01,  2.3003e+01,  4.8131e+01,  2.4791e+01,  3.2160e+01,
         2.5097e+01,  2.0281e+01,  1.4346e+01,  1.0242e+02,  9.3364e+00],
       device='cuda:0', grad_fn=<SelectBackward0>)
tensor([[10.,  0.,  0.,  5.,  0.,  0., 10., 10.],
        [10., 10.,  1.,  0.,  0.,  0.,  1.,  0.],
        [ 1.,  1.,  0.,  1.,  1.,  0.,  0.,  1.],
        [ 0.,  0.,  1.,  1.,  1.,  1., 10.,  9.],
        [19., 22., 26., 14., 22., 22., 12., 15.]], device='cuda:0')
tensor([ 1.0711e+01, -4.7840e-02,  3.1588e+00,  2.6993e+00, -5.4227e-01,
        -4.8728e-02,  1.0981e+01,  9.6860e+00,  7.7439e+00,  1.1080e+01,
         3.9390e-02,  8.8320e-01, -1.1535e-01,  1.1552e-01,  5.3971e-03,
         6.2904e-01,  4.9285e-01,  3.7413e-01,  5.0132e-01,  5.7879e-01,
         3.8073e-01,  5.3209e-01,  5.0527e-01,  4.5711e-01,  4.0098e-01,
         5.3496e-01,  5.1526e-01,  7.1821e-02,  1.2778e+00, -1.1011e-01,
         1.0582e+01,  8.7660e+00,  2.1470e+01,  2.2311e+01,  2.5211e+01,
         1.6602e+01,  1.8167e+01,  1.8883e+01,  1.3452e+01,  1.5320e+01],
       device='cuda:0', grad_fn=<SelectBackward0>)